{
  "nbformat": 4,
  "nbformat_minor": 0,
  "metadata": {
    "colab": {
      "provenance": [],
      "toc_visible": true,
      "include_colab_link": true
    },
    "kernelspec": {
      "name": "python3",
      "display_name": "Python 3"
    },
    "language_info": {
      "name": "python"
    },
    "accelerator": "GPU",
    "gpuClass": "standard"
  },
  "cells": [
    {
      "cell_type": "markdown",
      "metadata": {
        "id": "view-in-github",
        "colab_type": "text"
      },
      "source": [
        "<a href=\"https://colab.research.google.com/github/nicoMP/MVP_Predict/blob/main/CS_4442.ipynb\" target=\"_parent\"><img src=\"https://colab.research.google.com/assets/colab-badge.svg\" alt=\"Open In Colab\"/></a>"
      ]
    },
    {
      "cell_type": "markdown",
      "source": [
        "# Final Project : NBA MVP Predictor\n",
        "Modifying an existing neural network to predict MVP's given features collected\n",
        "\n",
        "*from:*\n",
        "* *https://www.basketball-reference.com/awards/mvp.html*\n",
        "\n",
        "\n",
        "*Using and Modifiying Kaggle's user: @robertsunderhaft work found at https://www.kaggle.com/datasets/robertsunderhaft/nba-player-season-statistics-with-mvp-win-share\n",
        "\n",
        "*Using and Modifiying Kaggle's user: @vivovinco work found at https://www.kaggle.com/datasets/vivovinco/20222023-nba-player-stats-regular"
      ],
      "metadata": {
        "id": "o46CtwA9CxWl"
      }
    },
    {
      "cell_type": "code",
      "execution_count": null,
      "metadata": {
        "id": "2oGlw0jMBUxR"
      },
      "outputs": [],
      "source": [
        "import pandas as pd\n",
        "pd.options.mode.chained_assignment = None\n",
        "import numpy as np\n",
        "import missingno as msno\n",
        "\n",
        "# Visualization\n",
        "import matplotlib.pyplot as plt\n",
        "%matplotlib inline\n",
        "import seaborn as sns\n",
        "\n",
        "# Machine Learning\n",
        "from sklearn.model_selection import train_test_split, KFold, cross_val_score, GridSearchCV\n",
        "from sklearn import model_selection, metrics\n",
        "from sklearn.preprocessing import OneHotEncoder, StandardScaler, RobustScaler, MaxAbsScaler, MinMaxScaler\n",
        "from sklearn.decomposition import PCA\n",
        "from sklearn.linear_model import LinearRegression, Ridge, Lasso\n",
        "from sklearn.tree import DecisionTreeRegressor\n",
        "from sklearn.ensemble import GradientBoostingRegressor, RandomForestRegressor, AdaBoostRegressor\n",
        "from xgboost import XGBRegressor\n",
        "from lightgbm import LGBMRegressor\n",
        "from sklearn.svm import SVR\n",
        "# Other packages\n",
        "from scipy.stats import norm\n",
        "from scipy import stats\n",
        "seed = 0\n",
        "data = pd.read_csv(\"NBA_Dataset.csv\").dropna()"
      ]
    },
    {
      "cell_type": "markdown",
      "source": [
        "## Part 1: Data Selection and Preperation"
      ],
      "metadata": {
        "id": "RPy_NIXfAWXc"
      }
    },
    {
      "cell_type": "markdown",
      "source": [
        "### 2. Trimming Data\n"
      ],
      "metadata": {
        "id": "wXqRKGIeBSX7"
      }
    },
    {
      "cell_type": "markdown",
      "source": [],
      "metadata": {
        "id": "huqlgy7zBSTF"
      }
    },
    {
      "cell_type": "code",
      "source": [
        "\n",
        "\n",
        "#prunning data\n",
        "cols_to_drop = ['gs', 'pos', 'mp', 'team_id', 'fg_per_g', 'fga_per_g', 'fg3_per_g', 'fg3a_per_g', 'fg2_per_g', 'fg2a_per_g', 'fg2_pct',\n",
        "                'ft_per_g', 'fta_per_g', 'orb_per_g', 'drb_per_g', 'pf_per_g', 'tov_per_g', 'fg3a_per_fga_pct',\n",
        "                'fta_per_fga_pct', 'orb_pct', 'drb_pct', 'trb_pct', 'ast_pct', 'stl_pct', 'blk_pct', 'tov_pct',\n",
        "                'usg_pct', 'ows', 'dws', 'ws_per_48', 'obpm', 'dbpm', 'mov', 'mov_adj']\n",
        "df = data.drop(cols_to_drop, axis=1)\n",
        "\n",
        "# df = df.drop(df[(df['award_share'] == 0) | (df['pts_per_g'] < 13.8) | (df['trb_per_g'] < 3.3) |\n",
        "#                 (df['ast_per_g'] < 1.3) | (df['mp_per_g'] < 30) | (df['g'] < 49)].index)\n",
        "df = df.drop(df[(df['award_share'] == 0)].index)\n",
        "\n",
        "correlation_df = df.drop(['season'], axis=1).corr()\n",
        "pd.DataFrame(correlation_df.corr())\n",
        "\n"
      ],
      "metadata": {
        "colab": {
          "base_uri": "https://localhost:8080/",
          "height": 709
        },
        "id": "8epEKu5qzJRP",
        "outputId": "1a36323e-a27a-4379-f2e2-e4daf1e87c00"
      },
      "execution_count": null,
      "outputs": [
        {
          "output_type": "execute_result",
          "data": {
            "text/plain": [
              "                   age         g  mp_per_g    fg_pct   fg3_pct   efg_pct  \\\n",
              "age           1.000000 -0.390108 -0.673723 -0.000391  0.054577  0.076231   \n",
              "g            -0.390108  1.000000  0.348233  0.044753 -0.131407 -0.030869   \n",
              "mp_per_g     -0.673723  0.348233  1.000000 -0.354847  0.022154 -0.494053   \n",
              "fg_pct       -0.000391  0.044753 -0.354847  1.000000 -0.680814  0.885061   \n",
              "fg3_pct       0.054577 -0.131407  0.022154 -0.680814  1.000000 -0.297883   \n",
              "efg_pct       0.076231 -0.030869 -0.494053  0.885061 -0.297883  1.000000   \n",
              "ft_pct        0.200617 -0.005793 -0.145487 -0.574917  0.815855 -0.193827   \n",
              "trb_per_g    -0.165399 -0.011218  0.097403  0.685710 -0.816068  0.353683   \n",
              "ast_per_g    -0.063600 -0.013517  0.074133 -0.604666  0.683968 -0.308943   \n",
              "stl_per_g    -0.438361  0.179938  0.500758 -0.609954  0.416700 -0.509150   \n",
              "blk_per_g    -0.123273 -0.016383  0.027952  0.668752 -0.837068  0.330999   \n",
              "pts_per_g    -0.442712  0.088077  0.573927 -0.020527  0.093765  0.034951   \n",
              "per          -0.301637 -0.047457  0.186560  0.347188 -0.091966  0.438957   \n",
              "ts_pct        0.083163 -0.018276 -0.474690  0.729464 -0.078743  0.949725   \n",
              "ws           -0.458231  0.463808  0.328741  0.338385 -0.135677  0.398479   \n",
              "bpm          -0.299457 -0.022287  0.190350  0.082934  0.162227  0.275403   \n",
              "vorp         -0.485001  0.297447  0.438558  0.016634  0.114395  0.142273   \n",
              "award_share  -0.309752  0.115580  0.257560  0.207009 -0.119466  0.248084   \n",
              "win_loss_pct  0.264206 -0.034972 -0.525531  0.310866 -0.144934  0.386689   \n",
              "\n",
              "                ft_pct  trb_per_g  ast_per_g  stl_per_g  blk_per_g  pts_per_g  \\\n",
              "age           0.200617  -0.165399  -0.063600  -0.438361  -0.123273  -0.442712   \n",
              "g            -0.005793  -0.011218  -0.013517   0.179938  -0.016383   0.088077   \n",
              "mp_per_g     -0.145487   0.097403   0.074133   0.500758   0.027952   0.573927   \n",
              "fg_pct       -0.574917   0.685710  -0.604666  -0.609954   0.668752  -0.020527   \n",
              "fg3_pct       0.815855  -0.816068   0.683968   0.416700  -0.837068   0.093765   \n",
              "efg_pct      -0.193827   0.353683  -0.308943  -0.509150   0.330999   0.034951   \n",
              "ft_pct        1.000000  -0.848377   0.613457   0.289602  -0.827390   0.097931   \n",
              "trb_per_g    -0.848377   1.000000  -0.825897  -0.529654   0.948370   0.156302   \n",
              "ast_per_g     0.613457  -0.825897   1.000000   0.760885  -0.825150  -0.096656   \n",
              "stl_per_g     0.289602  -0.529654   0.760885   1.000000  -0.506887   0.145508   \n",
              "blk_per_g    -0.827390   0.948370  -0.825150  -0.506887   1.000000   0.114225   \n",
              "pts_per_g     0.097931   0.156302  -0.096656   0.145508   0.114225   1.000000   \n",
              "per          -0.072951   0.340036  -0.076559   0.051092   0.330412   0.767322   \n",
              "ts_pct        0.095776   0.154043  -0.158525  -0.420739   0.132372   0.160818   \n",
              "ws           -0.058608   0.267262  -0.013884   0.173297   0.251229   0.621940   \n",
              "bpm           0.141343   0.015362   0.323707   0.394458   0.022614   0.610850   \n",
              "vorp          0.097245   0.029593   0.303645   0.496163   0.025313   0.668604   \n",
              "award_share  -0.088467   0.271497   0.017039   0.139601   0.245373   0.626497   \n",
              "win_loss_pct -0.025119   0.033607  -0.010961  -0.235612   0.092852  -0.294012   \n",
              "\n",
              "                   per    ts_pct        ws       bpm      vorp  award_share  \\\n",
              "age          -0.301637  0.083163 -0.458231 -0.299457 -0.485001    -0.309752   \n",
              "g            -0.047457 -0.018276  0.463808 -0.022287  0.297447     0.115580   \n",
              "mp_per_g      0.186560 -0.474690  0.328741  0.190350  0.438558     0.257560   \n",
              "fg_pct        0.347188  0.729464  0.338385  0.082934  0.016634     0.207009   \n",
              "fg3_pct      -0.091966 -0.078743 -0.135677  0.162227  0.114395    -0.119466   \n",
              "efg_pct       0.438957  0.949725  0.398479  0.275403  0.142273     0.248084   \n",
              "ft_pct       -0.072951  0.095776 -0.058608  0.141343  0.097245    -0.088467   \n",
              "trb_per_g     0.340036  0.154043  0.267262  0.015362  0.029593     0.271497   \n",
              "ast_per_g    -0.076559 -0.158525 -0.013884  0.323707  0.303645     0.017039   \n",
              "stl_per_g     0.051092 -0.420739  0.173297  0.394458  0.496163     0.139601   \n",
              "blk_per_g     0.330412  0.132372  0.251229  0.022614  0.025313     0.245373   \n",
              "pts_per_g     0.767322  0.160818  0.621940  0.610850  0.668604     0.626497   \n",
              "per           1.000000  0.508300  0.826908  0.897959  0.829930     0.833070   \n",
              "ts_pct        0.508300  1.000000  0.463889  0.386651  0.248257     0.294978   \n",
              "ws            0.826908  0.463889  1.000000  0.803632  0.904434     0.822763   \n",
              "bpm           0.897959  0.386651  0.803632  1.000000  0.933500     0.807083   \n",
              "vorp          0.829930  0.248257  0.904434  0.933500  1.000000     0.812494   \n",
              "award_share   0.833070  0.294978  0.822763  0.807083  0.812494     1.000000   \n",
              "win_loss_pct  0.126513  0.354461  0.237248  0.190292  0.082366     0.346610   \n",
              "\n",
              "              win_loss_pct  \n",
              "age               0.264206  \n",
              "g                -0.034972  \n",
              "mp_per_g         -0.525531  \n",
              "fg_pct            0.310866  \n",
              "fg3_pct          -0.144934  \n",
              "efg_pct           0.386689  \n",
              "ft_pct           -0.025119  \n",
              "trb_per_g         0.033607  \n",
              "ast_per_g        -0.010961  \n",
              "stl_per_g        -0.235612  \n",
              "blk_per_g         0.092852  \n",
              "pts_per_g        -0.294012  \n",
              "per               0.126513  \n",
              "ts_pct            0.354461  \n",
              "ws                0.237248  \n",
              "bpm               0.190292  \n",
              "vorp              0.082366  \n",
              "award_share       0.346610  \n",
              "win_loss_pct      1.000000  "
            ],
            "text/html": [
              "\n",
              "  <div id=\"df-e237e46b-1616-4baa-8eb8-d4ec69793843\">\n",
              "    <div class=\"colab-df-container\">\n",
              "      <div>\n",
              "<style scoped>\n",
              "    .dataframe tbody tr th:only-of-type {\n",
              "        vertical-align: middle;\n",
              "    }\n",
              "\n",
              "    .dataframe tbody tr th {\n",
              "        vertical-align: top;\n",
              "    }\n",
              "\n",
              "    .dataframe thead th {\n",
              "        text-align: right;\n",
              "    }\n",
              "</style>\n",
              "<table border=\"1\" class=\"dataframe\">\n",
              "  <thead>\n",
              "    <tr style=\"text-align: right;\">\n",
              "      <th></th>\n",
              "      <th>age</th>\n",
              "      <th>g</th>\n",
              "      <th>mp_per_g</th>\n",
              "      <th>fg_pct</th>\n",
              "      <th>fg3_pct</th>\n",
              "      <th>efg_pct</th>\n",
              "      <th>ft_pct</th>\n",
              "      <th>trb_per_g</th>\n",
              "      <th>ast_per_g</th>\n",
              "      <th>stl_per_g</th>\n",
              "      <th>blk_per_g</th>\n",
              "      <th>pts_per_g</th>\n",
              "      <th>per</th>\n",
              "      <th>ts_pct</th>\n",
              "      <th>ws</th>\n",
              "      <th>bpm</th>\n",
              "      <th>vorp</th>\n",
              "      <th>award_share</th>\n",
              "      <th>win_loss_pct</th>\n",
              "    </tr>\n",
              "  </thead>\n",
              "  <tbody>\n",
              "    <tr>\n",
              "      <th>age</th>\n",
              "      <td>1.000000</td>\n",
              "      <td>-0.390108</td>\n",
              "      <td>-0.673723</td>\n",
              "      <td>-0.000391</td>\n",
              "      <td>0.054577</td>\n",
              "      <td>0.076231</td>\n",
              "      <td>0.200617</td>\n",
              "      <td>-0.165399</td>\n",
              "      <td>-0.063600</td>\n",
              "      <td>-0.438361</td>\n",
              "      <td>-0.123273</td>\n",
              "      <td>-0.442712</td>\n",
              "      <td>-0.301637</td>\n",
              "      <td>0.083163</td>\n",
              "      <td>-0.458231</td>\n",
              "      <td>-0.299457</td>\n",
              "      <td>-0.485001</td>\n",
              "      <td>-0.309752</td>\n",
              "      <td>0.264206</td>\n",
              "    </tr>\n",
              "    <tr>\n",
              "      <th>g</th>\n",
              "      <td>-0.390108</td>\n",
              "      <td>1.000000</td>\n",
              "      <td>0.348233</td>\n",
              "      <td>0.044753</td>\n",
              "      <td>-0.131407</td>\n",
              "      <td>-0.030869</td>\n",
              "      <td>-0.005793</td>\n",
              "      <td>-0.011218</td>\n",
              "      <td>-0.013517</td>\n",
              "      <td>0.179938</td>\n",
              "      <td>-0.016383</td>\n",
              "      <td>0.088077</td>\n",
              "      <td>-0.047457</td>\n",
              "      <td>-0.018276</td>\n",
              "      <td>0.463808</td>\n",
              "      <td>-0.022287</td>\n",
              "      <td>0.297447</td>\n",
              "      <td>0.115580</td>\n",
              "      <td>-0.034972</td>\n",
              "    </tr>\n",
              "    <tr>\n",
              "      <th>mp_per_g</th>\n",
              "      <td>-0.673723</td>\n",
              "      <td>0.348233</td>\n",
              "      <td>1.000000</td>\n",
              "      <td>-0.354847</td>\n",
              "      <td>0.022154</td>\n",
              "      <td>-0.494053</td>\n",
              "      <td>-0.145487</td>\n",
              "      <td>0.097403</td>\n",
              "      <td>0.074133</td>\n",
              "      <td>0.500758</td>\n",
              "      <td>0.027952</td>\n",
              "      <td>0.573927</td>\n",
              "      <td>0.186560</td>\n",
              "      <td>-0.474690</td>\n",
              "      <td>0.328741</td>\n",
              "      <td>0.190350</td>\n",
              "      <td>0.438558</td>\n",
              "      <td>0.257560</td>\n",
              "      <td>-0.525531</td>\n",
              "    </tr>\n",
              "    <tr>\n",
              "      <th>fg_pct</th>\n",
              "      <td>-0.000391</td>\n",
              "      <td>0.044753</td>\n",
              "      <td>-0.354847</td>\n",
              "      <td>1.000000</td>\n",
              "      <td>-0.680814</td>\n",
              "      <td>0.885061</td>\n",
              "      <td>-0.574917</td>\n",
              "      <td>0.685710</td>\n",
              "      <td>-0.604666</td>\n",
              "      <td>-0.609954</td>\n",
              "      <td>0.668752</td>\n",
              "      <td>-0.020527</td>\n",
              "      <td>0.347188</td>\n",
              "      <td>0.729464</td>\n",
              "      <td>0.338385</td>\n",
              "      <td>0.082934</td>\n",
              "      <td>0.016634</td>\n",
              "      <td>0.207009</td>\n",
              "      <td>0.310866</td>\n",
              "    </tr>\n",
              "    <tr>\n",
              "      <th>fg3_pct</th>\n",
              "      <td>0.054577</td>\n",
              "      <td>-0.131407</td>\n",
              "      <td>0.022154</td>\n",
              "      <td>-0.680814</td>\n",
              "      <td>1.000000</td>\n",
              "      <td>-0.297883</td>\n",
              "      <td>0.815855</td>\n",
              "      <td>-0.816068</td>\n",
              "      <td>0.683968</td>\n",
              "      <td>0.416700</td>\n",
              "      <td>-0.837068</td>\n",
              "      <td>0.093765</td>\n",
              "      <td>-0.091966</td>\n",
              "      <td>-0.078743</td>\n",
              "      <td>-0.135677</td>\n",
              "      <td>0.162227</td>\n",
              "      <td>0.114395</td>\n",
              "      <td>-0.119466</td>\n",
              "      <td>-0.144934</td>\n",
              "    </tr>\n",
              "    <tr>\n",
              "      <th>efg_pct</th>\n",
              "      <td>0.076231</td>\n",
              "      <td>-0.030869</td>\n",
              "      <td>-0.494053</td>\n",
              "      <td>0.885061</td>\n",
              "      <td>-0.297883</td>\n",
              "      <td>1.000000</td>\n",
              "      <td>-0.193827</td>\n",
              "      <td>0.353683</td>\n",
              "      <td>-0.308943</td>\n",
              "      <td>-0.509150</td>\n",
              "      <td>0.330999</td>\n",
              "      <td>0.034951</td>\n",
              "      <td>0.438957</td>\n",
              "      <td>0.949725</td>\n",
              "      <td>0.398479</td>\n",
              "      <td>0.275403</td>\n",
              "      <td>0.142273</td>\n",
              "      <td>0.248084</td>\n",
              "      <td>0.386689</td>\n",
              "    </tr>\n",
              "    <tr>\n",
              "      <th>ft_pct</th>\n",
              "      <td>0.200617</td>\n",
              "      <td>-0.005793</td>\n",
              "      <td>-0.145487</td>\n",
              "      <td>-0.574917</td>\n",
              "      <td>0.815855</td>\n",
              "      <td>-0.193827</td>\n",
              "      <td>1.000000</td>\n",
              "      <td>-0.848377</td>\n",
              "      <td>0.613457</td>\n",
              "      <td>0.289602</td>\n",
              "      <td>-0.827390</td>\n",
              "      <td>0.097931</td>\n",
              "      <td>-0.072951</td>\n",
              "      <td>0.095776</td>\n",
              "      <td>-0.058608</td>\n",
              "      <td>0.141343</td>\n",
              "      <td>0.097245</td>\n",
              "      <td>-0.088467</td>\n",
              "      <td>-0.025119</td>\n",
              "    </tr>\n",
              "    <tr>\n",
              "      <th>trb_per_g</th>\n",
              "      <td>-0.165399</td>\n",
              "      <td>-0.011218</td>\n",
              "      <td>0.097403</td>\n",
              "      <td>0.685710</td>\n",
              "      <td>-0.816068</td>\n",
              "      <td>0.353683</td>\n",
              "      <td>-0.848377</td>\n",
              "      <td>1.000000</td>\n",
              "      <td>-0.825897</td>\n",
              "      <td>-0.529654</td>\n",
              "      <td>0.948370</td>\n",
              "      <td>0.156302</td>\n",
              "      <td>0.340036</td>\n",
              "      <td>0.154043</td>\n",
              "      <td>0.267262</td>\n",
              "      <td>0.015362</td>\n",
              "      <td>0.029593</td>\n",
              "      <td>0.271497</td>\n",
              "      <td>0.033607</td>\n",
              "    </tr>\n",
              "    <tr>\n",
              "      <th>ast_per_g</th>\n",
              "      <td>-0.063600</td>\n",
              "      <td>-0.013517</td>\n",
              "      <td>0.074133</td>\n",
              "      <td>-0.604666</td>\n",
              "      <td>0.683968</td>\n",
              "      <td>-0.308943</td>\n",
              "      <td>0.613457</td>\n",
              "      <td>-0.825897</td>\n",
              "      <td>1.000000</td>\n",
              "      <td>0.760885</td>\n",
              "      <td>-0.825150</td>\n",
              "      <td>-0.096656</td>\n",
              "      <td>-0.076559</td>\n",
              "      <td>-0.158525</td>\n",
              "      <td>-0.013884</td>\n",
              "      <td>0.323707</td>\n",
              "      <td>0.303645</td>\n",
              "      <td>0.017039</td>\n",
              "      <td>-0.010961</td>\n",
              "    </tr>\n",
              "    <tr>\n",
              "      <th>stl_per_g</th>\n",
              "      <td>-0.438361</td>\n",
              "      <td>0.179938</td>\n",
              "      <td>0.500758</td>\n",
              "      <td>-0.609954</td>\n",
              "      <td>0.416700</td>\n",
              "      <td>-0.509150</td>\n",
              "      <td>0.289602</td>\n",
              "      <td>-0.529654</td>\n",
              "      <td>0.760885</td>\n",
              "      <td>1.000000</td>\n",
              "      <td>-0.506887</td>\n",
              "      <td>0.145508</td>\n",
              "      <td>0.051092</td>\n",
              "      <td>-0.420739</td>\n",
              "      <td>0.173297</td>\n",
              "      <td>0.394458</td>\n",
              "      <td>0.496163</td>\n",
              "      <td>0.139601</td>\n",
              "      <td>-0.235612</td>\n",
              "    </tr>\n",
              "    <tr>\n",
              "      <th>blk_per_g</th>\n",
              "      <td>-0.123273</td>\n",
              "      <td>-0.016383</td>\n",
              "      <td>0.027952</td>\n",
              "      <td>0.668752</td>\n",
              "      <td>-0.837068</td>\n",
              "      <td>0.330999</td>\n",
              "      <td>-0.827390</td>\n",
              "      <td>0.948370</td>\n",
              "      <td>-0.825150</td>\n",
              "      <td>-0.506887</td>\n",
              "      <td>1.000000</td>\n",
              "      <td>0.114225</td>\n",
              "      <td>0.330412</td>\n",
              "      <td>0.132372</td>\n",
              "      <td>0.251229</td>\n",
              "      <td>0.022614</td>\n",
              "      <td>0.025313</td>\n",
              "      <td>0.245373</td>\n",
              "      <td>0.092852</td>\n",
              "    </tr>\n",
              "    <tr>\n",
              "      <th>pts_per_g</th>\n",
              "      <td>-0.442712</td>\n",
              "      <td>0.088077</td>\n",
              "      <td>0.573927</td>\n",
              "      <td>-0.020527</td>\n",
              "      <td>0.093765</td>\n",
              "      <td>0.034951</td>\n",
              "      <td>0.097931</td>\n",
              "      <td>0.156302</td>\n",
              "      <td>-0.096656</td>\n",
              "      <td>0.145508</td>\n",
              "      <td>0.114225</td>\n",
              "      <td>1.000000</td>\n",
              "      <td>0.767322</td>\n",
              "      <td>0.160818</td>\n",
              "      <td>0.621940</td>\n",
              "      <td>0.610850</td>\n",
              "      <td>0.668604</td>\n",
              "      <td>0.626497</td>\n",
              "      <td>-0.294012</td>\n",
              "    </tr>\n",
              "    <tr>\n",
              "      <th>per</th>\n",
              "      <td>-0.301637</td>\n",
              "      <td>-0.047457</td>\n",
              "      <td>0.186560</td>\n",
              "      <td>0.347188</td>\n",
              "      <td>-0.091966</td>\n",
              "      <td>0.438957</td>\n",
              "      <td>-0.072951</td>\n",
              "      <td>0.340036</td>\n",
              "      <td>-0.076559</td>\n",
              "      <td>0.051092</td>\n",
              "      <td>0.330412</td>\n",
              "      <td>0.767322</td>\n",
              "      <td>1.000000</td>\n",
              "      <td>0.508300</td>\n",
              "      <td>0.826908</td>\n",
              "      <td>0.897959</td>\n",
              "      <td>0.829930</td>\n",
              "      <td>0.833070</td>\n",
              "      <td>0.126513</td>\n",
              "    </tr>\n",
              "    <tr>\n",
              "      <th>ts_pct</th>\n",
              "      <td>0.083163</td>\n",
              "      <td>-0.018276</td>\n",
              "      <td>-0.474690</td>\n",
              "      <td>0.729464</td>\n",
              "      <td>-0.078743</td>\n",
              "      <td>0.949725</td>\n",
              "      <td>0.095776</td>\n",
              "      <td>0.154043</td>\n",
              "      <td>-0.158525</td>\n",
              "      <td>-0.420739</td>\n",
              "      <td>0.132372</td>\n",
              "      <td>0.160818</td>\n",
              "      <td>0.508300</td>\n",
              "      <td>1.000000</td>\n",
              "      <td>0.463889</td>\n",
              "      <td>0.386651</td>\n",
              "      <td>0.248257</td>\n",
              "      <td>0.294978</td>\n",
              "      <td>0.354461</td>\n",
              "    </tr>\n",
              "    <tr>\n",
              "      <th>ws</th>\n",
              "      <td>-0.458231</td>\n",
              "      <td>0.463808</td>\n",
              "      <td>0.328741</td>\n",
              "      <td>0.338385</td>\n",
              "      <td>-0.135677</td>\n",
              "      <td>0.398479</td>\n",
              "      <td>-0.058608</td>\n",
              "      <td>0.267262</td>\n",
              "      <td>-0.013884</td>\n",
              "      <td>0.173297</td>\n",
              "      <td>0.251229</td>\n",
              "      <td>0.621940</td>\n",
              "      <td>0.826908</td>\n",
              "      <td>0.463889</td>\n",
              "      <td>1.000000</td>\n",
              "      <td>0.803632</td>\n",
              "      <td>0.904434</td>\n",
              "      <td>0.822763</td>\n",
              "      <td>0.237248</td>\n",
              "    </tr>\n",
              "    <tr>\n",
              "      <th>bpm</th>\n",
              "      <td>-0.299457</td>\n",
              "      <td>-0.022287</td>\n",
              "      <td>0.190350</td>\n",
              "      <td>0.082934</td>\n",
              "      <td>0.162227</td>\n",
              "      <td>0.275403</td>\n",
              "      <td>0.141343</td>\n",
              "      <td>0.015362</td>\n",
              "      <td>0.323707</td>\n",
              "      <td>0.394458</td>\n",
              "      <td>0.022614</td>\n",
              "      <td>0.610850</td>\n",
              "      <td>0.897959</td>\n",
              "      <td>0.386651</td>\n",
              "      <td>0.803632</td>\n",
              "      <td>1.000000</td>\n",
              "      <td>0.933500</td>\n",
              "      <td>0.807083</td>\n",
              "      <td>0.190292</td>\n",
              "    </tr>\n",
              "    <tr>\n",
              "      <th>vorp</th>\n",
              "      <td>-0.485001</td>\n",
              "      <td>0.297447</td>\n",
              "      <td>0.438558</td>\n",
              "      <td>0.016634</td>\n",
              "      <td>0.114395</td>\n",
              "      <td>0.142273</td>\n",
              "      <td>0.097245</td>\n",
              "      <td>0.029593</td>\n",
              "      <td>0.303645</td>\n",
              "      <td>0.496163</td>\n",
              "      <td>0.025313</td>\n",
              "      <td>0.668604</td>\n",
              "      <td>0.829930</td>\n",
              "      <td>0.248257</td>\n",
              "      <td>0.904434</td>\n",
              "      <td>0.933500</td>\n",
              "      <td>1.000000</td>\n",
              "      <td>0.812494</td>\n",
              "      <td>0.082366</td>\n",
              "    </tr>\n",
              "    <tr>\n",
              "      <th>award_share</th>\n",
              "      <td>-0.309752</td>\n",
              "      <td>0.115580</td>\n",
              "      <td>0.257560</td>\n",
              "      <td>0.207009</td>\n",
              "      <td>-0.119466</td>\n",
              "      <td>0.248084</td>\n",
              "      <td>-0.088467</td>\n",
              "      <td>0.271497</td>\n",
              "      <td>0.017039</td>\n",
              "      <td>0.139601</td>\n",
              "      <td>0.245373</td>\n",
              "      <td>0.626497</td>\n",
              "      <td>0.833070</td>\n",
              "      <td>0.294978</td>\n",
              "      <td>0.822763</td>\n",
              "      <td>0.807083</td>\n",
              "      <td>0.812494</td>\n",
              "      <td>1.000000</td>\n",
              "      <td>0.346610</td>\n",
              "    </tr>\n",
              "    <tr>\n",
              "      <th>win_loss_pct</th>\n",
              "      <td>0.264206</td>\n",
              "      <td>-0.034972</td>\n",
              "      <td>-0.525531</td>\n",
              "      <td>0.310866</td>\n",
              "      <td>-0.144934</td>\n",
              "      <td>0.386689</td>\n",
              "      <td>-0.025119</td>\n",
              "      <td>0.033607</td>\n",
              "      <td>-0.010961</td>\n",
              "      <td>-0.235612</td>\n",
              "      <td>0.092852</td>\n",
              "      <td>-0.294012</td>\n",
              "      <td>0.126513</td>\n",
              "      <td>0.354461</td>\n",
              "      <td>0.237248</td>\n",
              "      <td>0.190292</td>\n",
              "      <td>0.082366</td>\n",
              "      <td>0.346610</td>\n",
              "      <td>1.000000</td>\n",
              "    </tr>\n",
              "  </tbody>\n",
              "</table>\n",
              "</div>\n",
              "      <button class=\"colab-df-convert\" onclick=\"convertToInteractive('df-e237e46b-1616-4baa-8eb8-d4ec69793843')\"\n",
              "              title=\"Convert this dataframe to an interactive table.\"\n",
              "              style=\"display:none;\">\n",
              "        \n",
              "  <svg xmlns=\"http://www.w3.org/2000/svg\" height=\"24px\"viewBox=\"0 0 24 24\"\n",
              "       width=\"24px\">\n",
              "    <path d=\"M0 0h24v24H0V0z\" fill=\"none\"/>\n",
              "    <path d=\"M18.56 5.44l.94 2.06.94-2.06 2.06-.94-2.06-.94-.94-2.06-.94 2.06-2.06.94zm-11 1L8.5 8.5l.94-2.06 2.06-.94-2.06-.94L8.5 2.5l-.94 2.06-2.06.94zm10 10l.94 2.06.94-2.06 2.06-.94-2.06-.94-.94-2.06-.94 2.06-2.06.94z\"/><path d=\"M17.41 7.96l-1.37-1.37c-.4-.4-.92-.59-1.43-.59-.52 0-1.04.2-1.43.59L10.3 9.45l-7.72 7.72c-.78.78-.78 2.05 0 2.83L4 21.41c.39.39.9.59 1.41.59.51 0 1.02-.2 1.41-.59l7.78-7.78 2.81-2.81c.8-.78.8-2.07 0-2.86zM5.41 20L4 18.59l7.72-7.72 1.47 1.35L5.41 20z\"/>\n",
              "  </svg>\n",
              "      </button>\n",
              "      \n",
              "  <style>\n",
              "    .colab-df-container {\n",
              "      display:flex;\n",
              "      flex-wrap:wrap;\n",
              "      gap: 12px;\n",
              "    }\n",
              "\n",
              "    .colab-df-convert {\n",
              "      background-color: #E8F0FE;\n",
              "      border: none;\n",
              "      border-radius: 50%;\n",
              "      cursor: pointer;\n",
              "      display: none;\n",
              "      fill: #1967D2;\n",
              "      height: 32px;\n",
              "      padding: 0 0 0 0;\n",
              "      width: 32px;\n",
              "    }\n",
              "\n",
              "    .colab-df-convert:hover {\n",
              "      background-color: #E2EBFA;\n",
              "      box-shadow: 0px 1px 2px rgba(60, 64, 67, 0.3), 0px 1px 3px 1px rgba(60, 64, 67, 0.15);\n",
              "      fill: #174EA6;\n",
              "    }\n",
              "\n",
              "    [theme=dark] .colab-df-convert {\n",
              "      background-color: #3B4455;\n",
              "      fill: #D2E3FC;\n",
              "    }\n",
              "\n",
              "    [theme=dark] .colab-df-convert:hover {\n",
              "      background-color: #434B5C;\n",
              "      box-shadow: 0px 1px 3px 1px rgba(0, 0, 0, 0.15);\n",
              "      filter: drop-shadow(0px 1px 2px rgba(0, 0, 0, 0.3));\n",
              "      fill: #FFFFFF;\n",
              "    }\n",
              "  </style>\n",
              "\n",
              "      <script>\n",
              "        const buttonEl =\n",
              "          document.querySelector('#df-e237e46b-1616-4baa-8eb8-d4ec69793843 button.colab-df-convert');\n",
              "        buttonEl.style.display =\n",
              "          google.colab.kernel.accessAllowed ? 'block' : 'none';\n",
              "\n",
              "        async function convertToInteractive(key) {\n",
              "          const element = document.querySelector('#df-e237e46b-1616-4baa-8eb8-d4ec69793843');\n",
              "          const dataTable =\n",
              "            await google.colab.kernel.invokeFunction('convertToInteractive',\n",
              "                                                     [key], {});\n",
              "          if (!dataTable) return;\n",
              "\n",
              "          const docLinkHtml = 'Like what you see? Visit the ' +\n",
              "            '<a target=\"_blank\" href=https://colab.research.google.com/notebooks/data_table.ipynb>data table notebook</a>'\n",
              "            + ' to learn more about interactive tables.';\n",
              "          element.innerHTML = '';\n",
              "          dataTable['output_type'] = 'display_data';\n",
              "          await google.colab.output.renderOutput(dataTable, element);\n",
              "          const docLink = document.createElement('div');\n",
              "          docLink.innerHTML = docLinkHtml;\n",
              "          element.appendChild(docLink);\n",
              "        }\n",
              "      </script>\n",
              "    </div>\n",
              "  </div>\n",
              "  "
            ]
          },
          "metadata": {},
          "execution_count": 8
        }
      ]
    },
    {
      "cell_type": "markdown",
      "source": [
        "### 1. Analyzing Data"
      ],
      "metadata": {
        "id": "LAOf54YhAeUV"
      }
    },
    {
      "cell_type": "code",
      "source": [
        "season_means =pd.DataFrame(data.groupby(\"season\").mean()).reset_index()\n",
        "season_means['group'] = (season_means.index // 5) + 1\n",
        "season_means = season_means.groupby(\"group\").mean().reset_index()\n",
        "season_means.drop(\"group\",1)\n",
        "season_means[\"season\"] = season_means[\"season\"] +1\n",
        "season_means\n",
        "disimilarityMatrix = metrics.pairwise.cosine_similarity(season_means.drop(\"season\",axis = 1))\n",
        "disimilarityMatrix.shape\n",
        "season_labels = season_means[\"season\"].values"
      ],
      "metadata": {
        "id": "v4E8PlbiFugE",
        "colab": {
          "base_uri": "https://localhost:8080/"
        },
        "outputId": "aa099d7c-648d-477e-b4d6-6be1ed181224"
      },
      "execution_count": null,
      "outputs": [
        {
          "output_type": "stream",
          "name": "stderr",
          "text": [
            "<ipython-input-35-a2ab5416303f>:4: FutureWarning: In a future version of pandas all arguments of DataFrame.drop except for the argument 'labels' will be keyword-only.\n",
            "  season_means.drop(\"group\",1)\n"
          ]
        }
      ]
    },
    {
      "cell_type": "code",
      "source": [
        "\n",
        "fig, ax = plt.subplots()\n",
        "\n",
        "\n",
        "im = ax.imshow(disimilarityMatrix)\n",
        "\n",
        "\n",
        "ax.set_xticks(np.arange(len(season_labels)))\n",
        "ax.set_yticks(np.arange(len(season_labels)))\n",
        "ax.set_xticklabels(season_labels)\n",
        "ax.set_yticklabels(season_labels)\n",
        "\n",
        "\n",
        "plt.setp(ax.get_xticklabels(), rotation=45, ha=\"right\",\n",
        "         rotation_mode=\"anchor\")\n",
        "\n",
        "\n",
        "cbar = ax.figure.colorbar(im, ax=ax)\n",
        "\n",
        "\n",
        "ax.set_title(\"Similarity Matrix Based On player Stats\")\n",
        "plt.show()\n",
        "pd.DataFrame(correlation_df.corr())\n"
      ],
      "metadata": {
        "colab": {
          "base_uri": "https://localhost:8080/",
          "height": 1000
        },
        "id": "k7N8M7B6Hich",
        "outputId": "95dfd22f-764a-4167-bab0-11971f9efe6e"
      },
      "execution_count": null,
      "outputs": [
        {
          "output_type": "display_data",
          "data": {
            "text/plain": [
              "<Figure size 640x480 with 2 Axes>"
            ],
